10-[26,26,24,25,25,24,26,26,24,22,23,27,26,23,25,22,25,25,26,23,26,21,24,25,27,25,18,26,25,26,26,25,21,24,24,25,23,25,22,27,22,24,23,25,24,22,25,27,25,18,24,25,25,27,25,24,27,24,24,22,25,26,25,26,23,23,22,25,24,23,23,22,26,24,22,25,22,25,26,26,25,26,25,27,26,27,21,27,23,26,22,24,22,26,27,27,20,24,24,26]
20-[62,67,71,70,66,69,71,63,70,70,64,64,68,70,69,71,71,59,68,63,70,56,70,67,63,63,68,71,65,68,68,70,65,66,67,62,68,65,66,66,66,62,67,69,65,71,64,68,69,67,68,64,64,69,61,69,69,67,67,67,65,68,65,63,69,66,69,65,70,68,66,61,69,68,67,60,60,71,67,70,66,66,70,67,65,61,70,72,69,66,68,67,65,65,71,66,58,64,63,67]
30-[111,112,112,108,107,113,115,111,114,117,110,112,114,115,113,112,108,112,117,113,114,114,108,108,109,113,108,112,113,115,107,113,106,114,110,110,111,115,114,114,109,115,109,108,112,111,112,107,111,115,107,114,113,114,109,115,106,113,108,114,109,111,116,110,114,111,109,111,108,116,111,107,111,113,109,111,112,111,112,116,115,107,115,111,112,110,109,108,116,113,116,112,109,111,115,115,114,111,105,107]
40-[178,174,175,177,181,176,166,170,179,175,165,170,177,163,174,175,181,175,166,178,176,174,180,172,181,174,172,177,168,176,177,170,165,170,173,163,177,167,174,178,175,177,173,178,173,174,172,181,175,171,171,180,173,176,176,169,174,180,178,174,178,171,169,160,177,175,173,180,173,169,179,171,180,172,172,178,173,175,176,177,179,164,166,173,171,165,169,171,178,180,170,156,177,167,172,175,176,170,177,174]
50-[232,233,236,228,214,214,225,227,226,232,214,213,234,226,236,222,234,232,221,230,232,231,231,234,231,231,235,236,238,235,230,228,233,225,231,230,235,231,228,235,229,230,221,234,235,230,235,223,221,229,231,235,228,222,233,226,222,230,216,233,232,231,237,232,235,230,232,219,220,228,223,224,230,232,228,234,225,232,216,230,230,227,221,233,237,229,227,226,224,233,226,222,231,231,230,224,235,233,237,226]
60-[285,284,287,290,290,290,286,280,284,284,283,272,285,282,288,281,284,275,282,277,281,284,273,268,281,282,280,280,280,285,283,287,282,281,281,280,287,286,280,285,280,285,280,277,283,292,279,286,273,276,284,285,285,273,286,285,286,280,279,276,275,283,283,281,284,287,277,283,290,282,280,279,285,276,281,287,282,280,281,283,284,283,287,286,283,281,279,282,283,289,285,289,283,278,278,274,285,284,282,289]
70-[380,380,381,366,388,369,384,386,384,353,380,373,380,377,383,369,363,370,389,350,386,366,376,382,351,383,358,372,376,378,376,360,345,340,382,385,385,380,359,356,373,357,368,376,371,380,364,374,383,378,375,381,373,375,384,377,384,379,374,384,380,386,363,384,382,370,373,372,374,381,380,372,368,369,374,386,388,359,362,381,369,379,379,376,362,354,357,374,377,386,365,376,384,363,383,373,382,379,345,373]
80-[430,427,436,428,426,424,422,426,431,425,434,426,422,427,439,432,423,429,429,428,425,420,433,422,433,423,410,422,422,418,425,426,430,429,418,434,434,420,418,427,422,434,425,431,424,438,432,436,420,419,433,426,425,438,427,427,423,429,417,433,416,427,426,420,434,430,424,417,419,438,430,431,424,420,416,431,417,431,416,430,422,433,430,432,427,410,424,423,423,436,426,419,418,426,423,414,429,421,426,435]
90-[488,484,494,483,491,491,479,489,485,478,482,491,485,481,476,490,490,484,487,480,479,487,486,486,492,494,491,488,488,476,488,480,493,481,486,479,483,488,480,478,491,469,483,482,480,493,486,477,487,487,486,491,477,475,486,492,486,485,489,484,487,493,479,470,491,487,487,486,472,493,490,481,487,487,492,479,484,478,484,490,487,484,488,487,494,488,489,476,490,484,490,480,493,487,493,481,493,483,488,491]
100-[562,563,551,554,561,554,573,564,572,556,570,561,565,554,567,558,566,562,569,548,564,550,560,556,555,540,569,563,552,563,555,538,571,559,554,558,554,556,559,555,553,566,548,561,567,566,527,559,563,568,568,556,547,553,557,573,562,547,571,564,553,561,567,562,568,557,563,550,571,565,559,546,545,570,558,563,566,556,561,549,560,565,557,560,566,562,568,549,554,568,553,566,556,557,553,565,567,565,560,557]
