## Bottom-Up Merge-Sort

generated examples with a threshold setting of 10

[unordered list] [msort comparisons] [isort comparisons]

### 8 items

[2, 1, 3, 7, 6, 4, 5, 8] 16 6
[1, 7, 2, 3, 6, 4, 5, 8] 17 7
[1, 3, 2, 5, 4, 8, 7, 6] 15 5
[1, 6, 2, 4, 3, 5, 7, 8] 15 5
[1, 2, 4, 7, 5, 6, 3, 8] 16 6
[1, 2, 5, 3, 4, 7, 6, 8] 14 3
[1, 4, 2, 7, 3, 8, 5, 6] 17 7
[1, 2, 3, 6, 4, 5, 8, 7] 14 3
[5, 6, 7, 8, 4, 3, 2, 1] 12 22
[7, 8, 5, 6, 2, 1, 4, 3] 12 22

### 9 items

[2, 6, 5, 3, 1, 4, 9, 8, 7] 22 12
[9, 1, 3, 4, 6, 2, 8, 5, 7] 24 14
[2, 1, 5, 7, 4, 8, 9, 3, 6] 21 11
[5, 1, 4, 8, 3, 6, 2, 7, 9] 25 12
[1, 9, 3, 5, 2, 6, 4, 7, 8] 25 11
[3, 1, 4, 6, 5, 7, 8, 2, 9] 23 8
[1, 3, 2, 6, 9, 4, 7, 5, 8] 24 8
[5, 1, 2, 8, 9, 3, 4, 7, 6] 23 13
[8, 6, 7, 4, 5, 9, 2, 3, 1] 17 28
[3, 6, 2, 1, 5, 4, 8, 9, 7] 21 10

### 10 items

[5, 2, 8, 3, 1, 4, 7, 10, 6, 9] 26 14
[9, 6, 10, 8, 4, 2, 5, 3, 7, 1] 22 34
[7, 9, 10, 1, 4, 6, 5, 8, 3, 2] 20 30
[1, 8, 2, 7, 5, 6, 4, 10, 3, 9] 27 17
[5, 2, 1, 8, 9, 4, 6, 3, 7, 10] 27 15
[1, 8, 5, 6, 7, 3, 2, 4, 9, 10] 26 16
[10, 9, 6, 5, 8, 3, 7, 2, 4, 1] 20 38
[3, 2, 1, 10, 7, 6, 5, 8, 9, 4] 27 17
[10, 9, 6, 1, 8, 7, 3, 2, 4, 5] 20 32
[1, 2, 3, 10, 8, 6, 4, 7, 9, 5] 26 14

### 11 items

[11, 7, 10, 2, 4, 9, 6, 8, 1, 5, 3] 24 39
[1, 3, 4, 5, 9, 6, 11, 7, 8, 2, 10] 26 14
[8, 7, 10, 6, 1, 5, 9, 11, 2, 3, 4] 23 34
[1, 11, 10, 9, 8, 3, 5, 6, 2, 7, 4] 25 36
[3, 11, 9, 8, 5, 10, 7, 4, 1, 6, 2] 26 39
[10, 3, 9, 7, 4, 6, 8, 11, 1, 5, 2] 24 35
[1, 3, 6, 11, 4, 2, 5, 8, 7, 9, 10] 28 13
[1, 2, 4, 3, 8, 5, 7, 9, 10, 6, 11] 25 7
[6, 11, 9, 7, 8, 10, 3, 1, 2, 4, 5] 24 38
[11, 4, 2, 10, 7, 8, 6, 9, 1, 5, 3] 24 36

### 12 items

[12, 2, 10, 9, 6, 7, 4, 8, 11, 3, 1, 5] 31 44
[12, 9, 8, 3, 10, 5, 6, 4, 1, 11, 2, 7] 32 44
[12, 4, 7, 9, 10, 11, 5, 2, 6, 3, 8, 1] 29 45
[7, 6, 9, 12, 11, 5, 1, 3, 10, 4, 2, 8] 30 41
[10, 7, 1, 9, 3, 6, 12, 11, 5, 4, 8, 2] 28 38
[9, 5, 4, 12, 11, 8, 3, 7, 1, 2, 10, 6] 30 41
[9, 12, 6, 2, 10, 4, 1, 11, 5, 8, 3, 7] 29 39
[3, 7, 4, 1, 2, 9, 8, 12, 10, 5, 11, 6] 31 21
[11, 10, 8, 6, 5, 3, 2, 1, 9, 7, 4, 12] 28 41
[5, 11, 8, 6, 12, 9, 3, 1, 10, 7, 2, 4] 30 42